physics
00000000000101010000000000000000
03030303030000000000010101010101
03030303030000000000010101010101
03030303030000000000010101010101
01010101030303030000000000000000
01010101030303030000000000000000
01010101030303030000000000000000
01010101030303030000000000000000
00000000000000000000000000000000
00000000000000000000000000000000
00000000000000000000000000000000
00000000000000000000000000000000
00000000000000000000000000000000
00000000000000000000000000000000
00000000000000000000000000000000
00000000000000000000000000000000

family
01010101010000000707070000000000
02020202020303030303040404040404
02020202020303030303040404040404
02020202020303030303040404040404
05050505060606060000000000000000
05050505060606060000000000000000
05050505060606060000000000000000
05050505060606060000000000000000
00000000000000000000000000000000
00000000000000000000000000000000
00000000000000000000000000000000
00000000000000000000000000000000
00000000000000000000000000000000
00000000000000000000000000000000
00000000000000000000000000000000
00000000000000000000000000000000

neighbors
00000000000000000000000000000000
0b1f16fefb0b1f16fefb0b1f16fefb00
6bffd6df7f6bffd6df7f6bffd6df7f00
68f8d0000068f8d0000068f8d0000000
00081810000818100000000000000000
020a1a12020a1a120000000000000000
424a5a52424a5a520000000000000000
40485850404858500000000000000000
00000000000000000000000000000000
00000000000000000000000000000000
00000000000000000000000000000000
00000000000000000000000000000000
00000000000000000000000000000000
00000000000000000000000000000000
00000000000000000000000000000000
00000000000000000000000000000000

weight
00646464640000000000000000000000
00000000000000000000000000000000
00000000000000000000000000000000
00000000000000000000000000000000
00000000000000000000000000000000
00000000000000000000000000000000
00000000000000000000000000000000
00000000000000000000000000000000
00000000000000000000000000000000
00000000000000000000000000000000
00000000000000000000000000000000
00000000000000000000000000000000
00000000000000000000000000000000
00000000000000000000000000000000
00000000000000000000000000000000
00000000000000000000000000000000

