0101010101010101010101010101010101010101
0101010101010101010101010101010101010101
0101011111111111111111111111111101010101
0101011100000000000000000000001101010101
0101011100000000000000000000001101010101
0101011100000000000000000000001101010101
0101011100000000000000000000001101010101
0101011100000000000000000000001101010101
0101011111111111110011111111111101010101
0101010101010101010101010101010101010101
0101010101010101010101010101010101010101

image image:meadow_int
door @9,8 map:2 @4,4 0 0
